100 80
0 74
1 67
2 38
2 17
3 44
4 5
4 25
5 4
5 49
6 34
7 13
7 86
8 55
9 45
10 95
11 54
12 13
12 41
13 7
13 12
13 45
14 90
14 74
15 58
15 78
16 99
16 90
17 54
17 2
19 51
20 25
21 40
22 29
22 45
23 34
23 67
24 46
25 20
25 4
26 85
26 76
27 61
27 99
28 38
29 22
29 62
29 82
30 85
31 82
32 94
33 80
34 23
34 6
34 80
34 79
36 66
37 68
37 91
37 74
38 77
38 2
38 28
39 97
40 21
40 55
41 12
43 60
44 3
44 55
45 9
45 22
45 13
46 24
47 72
47 89
48 69
49 5
50 65
50 84
51 19
51 85
52 70
52 63
53 88
54 11
54 17
54 62
55 92
55 40
55 8
55 44
56 96
57 64
58 93
58 15
59 82
60 75
60 43
61 27
62 29
62 54
63 52
64 57
64 83
65 50
66 36
67 81
67 1
67 23
68 37
68 73
69 48
69 95
70 52
71 85
72 47
73 68
74 0
74 14
74 37
75 60
76 26
77 38
78 87
78 15
79 92
79 34
80 33
80 34
81 67
82 31
82 59
82 29
83 64
84 50
85 26
85 71
85 30
85 51
86 7
86 88
87 78
88 53
88 86
89 98
89 47
90 16
90 14
91 37
92 55
92 79
93 58
94 32
95 10
95 69
96 56
97 39
98 89
99 16
99 27
