1000 951
0 722
0 648
0 866
1 656
2 88
2 636
3 280
4 140
5 309
5 941
6 516
6 10
7 113
8 224
8 615
9 124
9 425
10 6
10 516
11 866
11 518
12 615
13 266
14 566
15 594
15 462
16 621
17 891
17 680
18 554
18 849
19 400
20 384
20 258
21 518
22 258
22 313
23 867
24 241
24 304
24 323
24 95
25 229
26 968
26 802
27 547
27 42
28 691
28 839
28 247
29 43
30 390
31 150
32 323
32 659
32 855
33 964
33 737
33 358
34 649
34 164
35 962
36 131
36 878
36 479
36 488
37 83
37 789
38 806
38 432
39 273
39 733
39 745
40 376
40 962
41 536
42 905
42 401
42 27
43 273
43 29
44 762
44 837
44 759
45 369
45 673
46 829
46 985
47 673
48 102
49 201
49 478
50 634
50 726
51 732
51 189
52 549
52 403
53 567
53 902
54 193
55 937
55 582
56 936
56 455
57 964
58 658
59 585
60 758
61 122
62 96
62 660
62 962
63 842
64 786
64 823
65 388
66 490
67 372
68 111
68 271
69 587
69 217
70 847
70 721
71 850
72 132
73 699
74 382
74 593
75 272
76 175
76 578
77 243
77 786
78 998
78 943
78 757
79 603
79 669
80 127
80 395
80 649
81 233
82 229
82 104
83 37
83 189
84 508
85 454
85 605
85 712
86 427
86 366
86 484
87 476
87 142
88 2
89 755
89 383
89 455
90 538
90 967
91 584
91 350
92 570
92 651
92 116
93 666
93 466
93 772
94 218
94 799
95 430
95 752
95 24
96 62
97 959
98 617
99 218
99 503
100 108
101 937
102 48
102 381
103 930
104 82
104 850
104 306
105 809
105 438
106 861
106 541
107 161
108 100
108 665
108 130
108 517
108 461
109 771
109 124
110 506
110 874
111 671
111 68
112 317
113 437
113 474
113 600
113 7
114 497
114 917
115 557
115 285
116 957
116 746
116 92
116 936
117 462
117 152
118 969
118 753
119 514
120 904
120 458
121 272
121 791
121 163
122 61
122 388
123 444
124 9
124 109
125 454
126 955
127 80
127 390
128 486
128 171
129 747
130 248
130 108
131 36
132 687
132 72
132 373
132 738
133 312
133 264
134 301
135 398
135 929
135 851
136 313
136 495
136 574
137 608
137 320
138 821
139 665
140 4
140 162
140 739
141 824
141 491
142 87
142 711
143 233
144 857
145 685
145 821
146 213
146 956
146 453
147 585
148 230
148 551
149 294
150 568
150 948
150 31
150 231
151 703
152 117
153 578
153 544
154 409
155 240
155 256
156 568
157 250
157 458
158 509
158 665
159 769
159 296
160 684
160 476
161 107
161 597
162 140
163 121
164 734
164 529
164 34
165 499
165 402
165 503
165 502
166 482
166 348
167 769
167 444
168 605
168 621
169 626
169 194
170 589
171 128
172 259
172 187
173 878
173 334
173 467
174 282
174 840
175 76
175 204
175 630
176 835
176 765
176 255
177 815
177 625
178 342
178 900
178 560
179 808
180 902
180 392
180 744
181 283
182 316
182 664
183 318
184 537
185 912
185 984
186 368
186 467
187 853
187 952
187 172
188 653
189 83
189 51
190 358
191 779
192 906
192 464
193 54
193 449
194 539
194 990
194 169
195 911
195 767
196 655
196 608
197 932
198 757
199 766
200 303
200 421
201 49
202 332
203 489
203 647
204 175
205 582
205 670
206 591
206 958
207 243
208 291
209 598
209 995
210 284
210 570
211 253
211 688
212 405
212 542
213 146
213 894
214 314
215 836
216 255
217 508
217 446
217 69
218 99
218 94
218 364
219 883
219 643
220 267
220 758
221 802
221 870
222 632
223 436
224 8
224 577
224 735
224 717
225 294
225 730
225 875
226 783
227 750
228 715
228 743
229 82
229 25
230 148
230 819
231 658
231 514
231 150
232 776
233 81
233 143
233 833
234 992
235 941
236 999
237 608
238 756
238 624
239 852
239 453
239 463
240 155
240 316
240 909
241 24
241 487
242 489
243 876
243 207
243 77
244 664
244 811
245 754
245 391
246 320
247 585
247 28
248 130
249 848
249 865
250 157
251 887
252 950
252 804
253 211
254 689
255 216
255 770
255 176
255 451
256 616
256 155
257 726
258 22
258 20
259 172
259 760
260 517
261 492
261 531
262 685
263 275
264 133
264 958
265 895
266 13
266 376
267 220
268 842
268 933
269 705
270 397
271 68
271 732
272 121
272 75
273 43
273 39
274 481
274 407
275 297
275 512
275 695
275 263
275 604
276 821
277 953
278 652
278 611
279 987
279 928
280 951
280 3
281 719
282 174
283 841
283 181
284 210
285 115
285 637
286 978
286 872
287 392
287 786
288 871
289 782
289 754
290 745
291 208
291 519
292 744
293 398
294 225
294 149
295 414
296 600
296 159
297 275
297 460
298 417
298 428
299 595
299 997
300 350
301 134
301 943
302 772
303 200
303 680
303 858
304 24
305 904
305 763
305 558
305 779
306 561
306 570
306 104
307 791
308 443
308 810
308 426
309 412
309 5
310 996
310 499
310 319
311 454
312 133
313 136
313 22
314 214
314 604
315 852
316 182
316 240
316 373
317 687
317 112
318 183
318 518
319 826
319 310
320 137
320 246
320 345
321 916
321 503
322 801
322 614
322 899
323 32
323 24
324 784
324 792
324 617
325 950
325 795
326 391
326 434
326 907
327 460
328 594
329 700
329 616
330 673
331 429
332 483
332 202
332 822
332 997
333 881
333 838
334 173
335 724
335 707
335 525
335 827
336 371
337 340
337 423
337 826
338 513
338 548
339 451
340 337
341 978
342 178
343 831
344 986
345 320
346 485
346 351
347 488
348 166
348 702
349 585
349 673
350 300
350 91
350 906
351 346
351 736
352 709
352 542
353 613
353 738
353 591
354 644
355 907
355 787
355 545
356 935
357 446
357 862
358 33
358 190
359 676
359 886
360 993
361 762
362 666
362 607
363 771
364 218
365 601
365 846
365 426
366 86
367 607
367 835
368 186
369 45
370 751
370 678
371 336
371 630
371 389
372 696
372 67
373 780
373 983
373 316
373 132
374 542
374 795
375 833
376 40
376 266
376 935
377 545
378 721
379 537
379 470
380 639
380 877
381 756
381 612
381 102
382 74
383 89
384 20
385 604
385 557
386 627
387 868
387 830
388 122
388 65
389 635
389 991
389 808
389 371
390 30
390 127
391 326
391 245
391 393
392 287
392 180
392 820
393 623
393 391
394 726
394 783
395 80
396 474
397 441
397 270
397 763
398 135
398 662
398 293
399 660
399 984
400 728
400 19
400 719
401 42
402 165
402 797
403 875
403 52
404 896
405 212
406 417
407 274
407 415
407 857
407 985
408 846
409 154
409 972
410 778
410 682
410 622
411 706
411 932
412 815
412 309
413 472
414 295
414 618
415 407
416 659
417 507
417 298
417 406
418 952
418 725
419 567
420 887
420 960
421 200
422 514
423 337
423 814
424 530
425 9
426 365
426 308
427 86
427 616
428 914
428 298
429 903
429 331
430 532
430 95
430 706
431 921
432 543
432 38
433 942
433 448
434 436
434 326
435 868
436 434
436 794
436 750
436 223
437 113
438 592
438 105
439 895
439 709
440 628
440 626
441 397
442 875
442 793
443 308
444 575
444 123
444 167
445 692
445 944
446 357
446 217
447 712
448 480
448 433
449 193
450 892
450 777
450 896
451 339
451 255
452 501
453 239
453 146
454 311
454 85
454 125
455 89
455 56
456 619
456 562
457 680
458 120
458 157
458 974
459 541
460 327
460 297
461 108
461 736
462 473
462 117
462 15
463 745
463 239
464 192
464 620
465 548
466 93
467 186
467 173
468 565
468 931
469 629
469 661
470 881
470 379
471 548
471 708
472 413
472 955
473 462
473 841
474 396
474 113
475 712
476 494
476 87
476 160
477 864
478 519
478 49
479 988
479 36
480 612
480 818
480 448
481 274
482 166
483 332
483 933
484 86
485 346
486 128
486 641
486 505
487 241
488 610
488 347
488 36
489 242
489 720
489 809
489 203
490 903
490 66
490 995
491 694
491 748
491 744
491 141
492 261
493 601
494 476
494 595
495 136
496 660
497 863
497 114
497 645
498 930
499 165
499 310
500 918
500 823
501 589
501 452
501 838
502 165
503 321
503 165
503 99
504 648
505 822
505 486
506 110
506 655
506 713
507 417
507 688
508 217
508 84
509 803
509 158
510 604
511 807
512 275
512 620
513 338
514 422
514 119
514 231
515 810
516 6
516 10
517 260
517 108
518 21
518 318
518 526
518 11
519 478
519 599
519 950
519 291
520 719
520 705
521 671
521 596
522 655
523 843
523 775
523 986
524 772
524 994
525 335
525 730
526 546
526 518
527 807
527 786
528 679
528 554
528 698
529 164
530 424
531 954
531 261
532 430
532 732
533 901
533 819
533 729
534 735
535 992
536 817
536 41
536 829
537 379
537 184
538 90
538 768
539 194
539 732
540 774
540 818
540 604
541 106
541 459
542 656
542 374
542 793
542 212
542 352
543 576
543 432
544 153
545 377
545 355
546 526
547 898
547 928
547 27
548 471
548 465
548 764
548 338
549 52
549 573
550 719
551 915
551 148
552 939
552 890
552 791
553 830
553 690
553 926
554 18
554 528
555 739
556 571
557 115
557 385
558 305
559 620
560 895
560 178
560 886
561 306
562 844
562 594
562 456
563 859
564 743
564 970
565 468
565 986
566 14
566 772
567 53
567 419
568 150
568 156
569 666
570 92
570 306
570 210
571 556
571 646
572 798
572 690
573 549
574 812
574 136
574 992
575 444
575 960
576 543
576 873
577 224
578 153
578 76
579 667
579 677
580 879
580 639
580 740
581 888
581 982
582 55
582 205
583 924
583 606
584 91
585 349
585 147
585 247
585 59
586 918
586 661
587 69
588 993
589 170
589 501
590 737
590 943
591 206
591 353
592 438
593 825
593 74
594 328
594 15
594 562
594 913
595 299
595 494
595 646
596 521
596 824
597 161
597 654
598 209
598 776
599 519
600 749
600 296
600 113
601 365
601 493
602 883
603 79
604 510
604 385
604 314
604 540
604 275
605 85
605 168
606 846
606 583
607 367
607 686
607 362
608 137
608 237
608 196
609 873
610 627
610 488
610 832
611 278
611 686
612 480
612 381
613 353
613 996
614 322
614 672
615 8
615 12
616 825
616 329
616 256
616 618
616 427
617 805
617 98
617 324
618 718
618 414
618 616
619 456
620 559
620 512
620 464
621 16
621 934
621 168
622 410
623 393
624 238
625 177
626 858
626 169
626 440
627 610
627 386
628 440
629 469
629 995
630 371
630 175
631 678
631 932
632 761
632 222
632 810
633 947
633 867
634 50
635 389
635 670
635 836
636 945
636 2
637 285
638 694
639 580
639 380
640 870
641 775
641 486
642 966
643 219
643 645
644 789
644 354
645 643
645 497
646 571
646 595
647 203
648 504
648 0
649 80
649 34
649 759
650 880
650 893
651 92
652 278
653 890
653 188
654 863
654 597
654 758
655 522
655 506
655 196
656 542
656 1
656 904
657 982
658 231
658 58
658 749
659 32
659 416
660 399
660 496
660 62
661 586
661 469
662 398
662 692
663 723
664 244
664 182
664 772
665 108
665 139
665 158
666 93
666 569
666 362
667 579
667 961
668 889
668 914
669 702
669 907
669 79
670 635
670 205
671 521
671 111
671 854
672 727
672 614
673 330
673 349
673 45
673 47
674 979
675 955
675 851
676 359
676 927
677 579
677 944
678 631
678 370
679 528
680 457
680 303
680 17
681 804
682 410
683 869
684 160
684 731
685 145
685 262
685 952
686 790
686 607
686 611
687 317
687 132
688 507
688 211
689 851
689 254
690 553
690 572
691 28
692 445
692 662
693 743
694 491
694 638
695 275
696 372
696 882
697 954
698 933
698 528
699 73
699 921
700 329
701 869
701 940
702 669
702 348
703 773
703 151
704 824
705 269
705 955
705 520
706 411
706 430
707 335
708 471
709 352
709 439
710 861
711 142
712 447
712 475
712 85
713 979
713 506
715 228
716 718
717 776
717 224
718 618
718 938
718 716
718 864
719 550
719 281
719 400
719 520
720 971
720 489
720 726
721 729
721 378
721 70
722 0
722 816
722 768
723 663
723 890
724 335
725 418
726 885
726 257
726 50
726 394
726 720
727 672
728 400
728 742
728 976
729 721
729 533
730 225
730 525
731 684
732 51
732 539
732 532
732 271
733 849
733 39
734 164
735 534
735 224
736 461
736 351
737 590
737 33
738 353
738 132
739 555
739 140
739 792
740 580
741 814
742 728
743 693
743 564
743 228
744 292
744 491
744 180
745 463
745 290
745 39
746 116
747 129
747 967
748 491
749 600
749 658
750 436
750 227
751 910
751 370
752 95
753 783
753 118
754 245
754 289
755 89
755 813
756 238
756 381
757 198
757 78
757 760
758 60
758 220
758 654
759 44
759 649
760 949
760 757
760 259
761 632
762 44
762 361
763 305
763 397
764 548
765 176
766 945
766 199
767 844
767 195
768 538
768 722
769 167
769 159
770 255
771 109
771 363
771 987
772 302
772 524
772 664
772 566
772 93
773 703
774 540
775 923
775 641
775 523
776 232
776 598
776 717
777 450
777 924
778 410
779 191
779 305
780 373
781 905
782 289
782 963
783 753
783 226
783 394
784 324
784 788
784 856
784 907
785 916
786 64
786 77
786 527
786 287
787 355
788 784
789 644
789 37
790 686
791 121
791 307
791 552
792 981
792 324
792 739
793 542
793 442
794 436
795 325
795 374
796 888
797 402
798 572
799 94
799 859
800 960
801 322
802 221
802 26
803 509
803 885
804 681
804 252
805 617
806 38
807 511
807 527
808 389
808 179
809 105
809 489
810 515
810 308
810 632
811 244
812 574
813 755
813 852
814 741
814 423
815 412
815 177
815 896
816 898
816 834
816 722
817 536
818 480
818 946
818 540
819 533
819 230
820 392
821 138
821 276
821 145
822 925
822 505
822 332
823 500
823 64
824 141
824 704
824 596
825 593
825 616
826 319
826 337
827 335
828 857
829 46
829 536
830 553
830 387
831 975
831 343
832 610
833 375
833 233
834 816
835 176
835 367
836 635
836 215
837 44
838 333
838 501
839 28
840 970
840 174
841 283
841 473
842 63
842 268
843 523
843 980
844 767
844 562
844 872
845 984
846 606
846 408
846 365
847 70
848 249
849 733
849 18
850 71
850 104
851 689
851 675
851 135
852 239
852 315
852 813
853 187
854 671
855 32
856 985
856 784
857 144
857 828
857 407
858 626
858 303
859 563
859 799
860 985
861 106
861 974
861 710
862 922
862 357
863 497
863 654
864 477
864 718
865 949
865 249
866 11
866 966
866 0
867 23
867 633
867 897
868 387
868 435
869 962
869 701
869 683
870 640
870 221
871 288
871 940
872 959
872 844
872 286
873 576
873 609
874 110
875 403
875 442
875 225
876 243
877 920
877 380
878 36
878 173
879 580
880 650
881 333
881 470
882 696
883 219
883 602
884 899
885 726
885 803
886 359
886 888
886 560
887 251
887 420
888 581
888 796
888 886
889 668
890 653
890 552
890 723
891 17
892 989
892 450
893 650
893 919
893 917
894 213
895 439
895 265
895 560
896 404
896 815
896 450
897 867
898 816
898 547
899 884
899 908
899 322
899 943
900 178
901 533
902 180
902 53
903 490
903 429
904 305
904 120
904 656
905 781
905 42
906 192
906 350
907 355
907 669
907 326
907 784
908 899
909 240
910 751
911 195
912 185
913 594
914 668
914 428
915 551
916 321
916 785
917 893
917 114
918 586
918 500
919 893
920 877
921 431
921 699
922 862
923 775
924 951
924 583
924 777
925 822
926 553
927 676
928 279
928 547
929 135
930 103
930 498
931 468
932 197
932 631
932 411
933 483
933 698
933 268
934 621
935 356
935 376
936 56
936 116
937 101
937 55
938 718
939 552
939 953
940 871
940 701
941 235
941 5
942 433
943 78
943 899
943 301
943 590
944 677
944 445
945 766
945 636
946 818
947 633
948 150
949 760
949 865
950 252
950 325
950 519
951 924
951 280
952 418
952 187
952 965
952 685
953 277
953 939
954 531
954 697
955 126
955 675
955 472
955 705
956 146
957 116
958 206
958 264
959 872
959 97
960 800
960 575
960 420
961 667
962 869
962 40
962 35
962 62
963 782
964 33
964 57
965 952
966 866
966 642
967 747
967 90
968 26
969 118
970 840
970 993
970 564
971 720
972 409
973 999
974 861
974 458
975 831
975 977
976 728
977 975
978 286
978 341
979 713
979 674
980 843
981 792
982 657
982 581
983 373
984 845
984 185
984 399
985 856
985 860
985 46
985 407
986 565
986 344
986 523
987 279
987 771
988 479
989 892
990 194
991 389
992 234
992 535
992 574
993 360
993 588
993 970
994 524
995 490
995 629
995 209
996 310
996 613
997 299
997 332
998 78
999 973
999 236
